221 221 221 221 221 221 221 221 221 221 221 221 221 221 221 221
221 221 220 220 219 214 203 196 195 202 213 219 220 220 221 221
221 220 220 214 199 188 194 201 201 194 189 198 213 220 220 221
221 220 214 195 193 192 187 185 185 187 192 193 196 213 220 221
221 219 199 193 190 189 167 150 151 168 189 191 192 199 218 220
221 214 188 194 200 198 155 127 130 163 200 201 194 189 212 220
221 203 194 195 211 199 143 122 126 150 199 212 196 193 203 219
221 196 201 196 215 199 141 128 130 144 196 215 197 200 196 219
221 195 201 196 215 199 139 123 125 142 197 215 197 200 196 219
221 202 195 194 212 197 141 130 131 143 195 212 195 194 203 219
221 213 189 194 201 194 149 146 147 150 191 201 194 189 212 220
221 219 198 193 191 189 170 171 172 171 188 192 193 198 218 220
221 220 213 196 192 192 188 189 189 188 192 193 196 212 220 221
221 220 220 213 199 189 193 200 200 194 189 198 212 219 220 221
221 221 220 220 218 212 203 196 196 202 212 218 220 220 221 221
221 221 221 221 220 220 219 219 219 219 220 220 221 221 221 221
238 238 238 238 238 238 238 238 238 238 238 238 238 238 238 238
238 238 237 237 236 230 216 208 207 215 229 236 237 237 238 238
238 237 237 230 211 199 206 214 214 206 199 210 229 237 237 238
238 237 230 207 204 204 197 195 195 197 203 205 208 229 237 238
238 236 210 204 201 200 173 152 153 174 200 201 203 211 234 237
238 230 198 206 213 211 158 123 127 167 212 214 206 199 228 237
238 216 206 206 227 212 144 118 122 152 212 227 208 205 216 236
238 207 214 208 231 211 141 126 128 144 208 231 209 212 208 236
238 207 214 208 230 211 138 119 121 142 209 231 209 213 208 236
238 215 206 206 227 210 141 126 128 143 207 227 207 205 216 236
238 229 199 205 214 205 151 145 148 151 201 214 206 200 228 237
238 236 210 205 201 199 176 177 179 177 198 202 204 211 234 237
238 237 229 208 203 203 198 199 200 198 203 204 208 228 237 238
238 237 237 229 211 199 205 212 213 205 200 211 228 236 237 238
238 238 237 237 234 228 216 208 208 216 228 234 237 237 238 238
238 238 238 238 237 237 236 236 236 236 237 237 238 238 238 238
238 238 238 238 238 238 238 238 238 238 238 238 238 238 238 238
238 238 237 237 236 230 216 207 207 215 229 235 237 237 238 238
238 237 237 230 210 198 205 213 213 206 199 209 229 237 237 238
238 237 230 207 204 203 196 194 195 196 202 204 207 228 237 238
238 236 210 204 201 199 172 152 153 174 199 201 203 211 234 237
238 230 198 205 212 210 157 122 126 166 212 213 205 199 228 237
238 216 205 206 226 212 143 116 121 150 212 227 207 204 216 236
238 207 213 207 230 210 139 124 126 142 207 231 208 212 208 236
238 207 213 207 230 210 136 117 119 141 208 231 209 213 208 236
238 215 206 206 227 209 139 125 126 142 206 227 207 205 216 236
238 229 199 205 214 205 150 144 146 150 200 214 205 199 227 237
238 235 209 204 201 198 175 176 178 176 197 201 203 210 234 237
238 237 229 207 203 203 197 198 199 198 202 203 207 228 237 238
238 237 237 228 211 199 204 212 213 205 199 210 227 236 237 238
238 238 237 237 234 228 216 208 208 215 227 234 237 237 238 238
238 238 238 238 237 237 236 236 236 236 237 237 238 238 238 238

221 221 221 221 221 221 220 220 220 220 221 221 221 221 221 221
221 221 221 221 219 214 203 196 197 204 214 219 221 221 221 221
221 221 220 214 199 189 194 201 201 194 190 199 214 220 221 221
221 221 214 196 193 195 196 197 197 195 194 193 197 214 221 221
221 219 199 193 191 201 212 216 216 212 201 192 193 199 219 221
221 213 189 192 191 201 201 199 200 198 193 189 192 189 214 221
220 203 194 187 169 164 151 145 144 144 151 172 189 194 203 220
220 196 201 185 151 131 127 131 125 131 148 173 190 201 196 220
220 196 201 185 150 126 123 129 124 131 147 172 190 201 196 220
220 203 195 187 167 154 143 140 138 141 150 171 189 194 203 220
221 213 189 192 190 197 198 197 197 196 192 189 193 189 214 221
221 219 198 193 191 201 212 216 216 212 201 191 193 199 219 221
221 221 213 196 193 195 196 197 197 195 194 193 196 214 221 221
221 221 220 213 198 189 195 201 201 195 189 199 214 220 221 221
221 221 221 221 219 213 203 196 196 203 213 219 221 221 221 221
221 221 221 221 221 221 220 220 220 220 221 221 221 221 221 221
238 238 238 238 238 238 237 237 237 237 238 238 238 238 238 238
238 238 238 238 235 229 216 208 209 217 229 235 238 238 238 238
238 238 237 229 211 200 205 213 214 206 200 212 229 237 238 238
238 238 229 208 204 206 208 209 209 207 206 205 208 229 238 238
238 235 211 205 202 214 228 232 231 227 214 202 204 212 235 238
238 229 200 203 201 214 215 211 212 210 204 199 204 200 229 238
237 215 206 197 176 169 154 146 144 145 153 179 199 206 217 237
237 208 214 194 153 128 123 128 121 129 148 180 201 214 208 237
237 208 214 194 152 123 119 127 119 128 147 179 200 213 208 237
237 216 206 197 172 157 143 140 137 140 151 177 199 205 216 237
238 229 200 204 200 210 210 209 209 208 203 198 204 200 229 238
238 235 210 204 202 215 228 232 231 227 214 202 204 211 235 238
238 237 229 207 204 207 208 209 209 207 206 205 208 229 238 238
238 238 237 229 210 199 206 214 214 206 200 211 229 237 238 238
238 238 238 237 235 229 215 207 207 215 229 235 238 238 238 238
238 238 238 238 238 238 237 237 237 237 238 238 238 238 238 238
238 238 238 238 238 238 237 237 237 237 238 238 238 238 238 238
238 238 238 238 235 229 216 208 208 217 229 235 238 238 238 238
238 238 237 229 211 199 205 213 213 206 199 212 229 237 238 238
238 237 229 208 204 206 207 208 208 207 205 204 208 229 238 238
238 235 210 204 201 213 227 231 231 227 213 201 204 211 235 238
238 229 199 203 201 214 214 210 211 209 203 198 203 199 229 238
237 215 206 196 175 168 152 144 142 143 151 178 199 205 216 237
237 207 213 194 153 126 121 126 119 127 147 179 200 213 208 237
237 207 213 194 151 121 117 125 118 127 146 178 199 213 208 237
237 215 206 196 171 156 142 139 136 139 150 177 198 205 216 237
238 229 199 203 199 209 210 208 208 207 203 198 203 199 229 238
238 235 210 204 202 214 227 231 231 227 214 201 204 211 235 238
238 237 229 207 204 206 207 209 209 207 206 204 208 229 238 238
238 238 237 229 210 199 206 213 213 206 199 210 229 237 238 238
238 238 238 237 235 229 215 207 207 215 229 235 237 238 238 238
238 238 238 238 238 238 237 237 237 237 238 238 238 238 238 238

221 221 221 221 221 221 220 220 220 220 221 221 221 221 221 221
221 221 221 221 219 214 203 196 196 203 214 219 221 221 221 221
221 221 220 214 199 189 194 201 201 194 189 199 214 220 221 221
221 221 214 197 193 192 189 190 190 189 193 193 196 214 221 221
221 219 199 193 192 189 172 173 172 171 189 191 193 199 219 221
221 214 190 194 201 193 151 148 147 150 192 201 194 189 213 221
220 204 194 195 212 198 144 131 131 141 196 212 195 195 203 220
220 197 201 197 216 200 144 125 124 138 197 216 197 201 196 220
220 196 201 197 216 199 145 131 129 140 197 216 197 201 196 220
220 203 194 196 212 201 151 127 123 143 198 212 196 195 203 220
221 214 189 195 201 201 164 131 126 154 197 201 195 189 213 221
221 219 199 193 191 191 169 151 150 167 190 191 193 198 219 221
221 221 214 196 193 192 187 185 185 187 192 193 196 213 221 221
221 221 220 214 199 189 194 201 201 195 189 198 213 220 221 221
221 221 221 221 219 213 203 196 196 203 213 219 221 221 221 221
221 221 221 221 221 221 220 220 220 220 221 221 221 221 221 221
238 238 238 238 238 238 237 237 237 237 238 238 238 238 238 238
238 238 238 238 235 229 217 208 208 216 229 235 238 238 238 238
238 238 237 229 212 200 206 214 213 205 200 211 229 237 238 238
238 238 229 208 204 204 199 201 200 199 204 204 208 229 238 238
238 235 212 205 202 199 179 180 179 177 198 202 205 211 235 238
238 229 200 206 214 204 153 148 147 151 203 214 206 200 229 238
237 217 206 207 227 210 145 129 128 140 208 227 207 206 215 237
237 209 214 209 231 212 144 121 119 137 209 231 209 214 207 237
237 208 213 209 232 211 146 128 127 140 209 232 209 214 207 237
237 216 205 208 228 215 154 123 119 143 210 228 208 206 215 237
238 229 200 206 214 214 169 128 123 157 210 215 207 199 229 238
238 235 211 204 202 201 176 153 152 172 200 202 204 210 235 238
238 238 229 208 205 203 197 194 194 197 204 204 207 229 237 238
238 238 237 229 211 200 206 214 214 206 200 210 229 237 238 238
238 238 238 238 235 229 215 208 208 216 229 235 237 238 238 238
238 238 238 238 238 238 237 237 237 237 238 238 238 238 238 238
238 238 238 238 238 238 237 237 237 237 238 238 238 238 238 238
238 238 238 238 235 229 216 208 208 216 229 235 238 238 238 238
238 238 237 229 211 199 205 213 213 205 199 211 229 237 238 238
238 238 229 208 204 203 199 200 199 198 203 204 208 229 237 238
238 235 212 204 201 198 178 179 178 177 198 201 204 210 235 238
238 229 199 205 213 203 151 147 146 150 203 214 206 199 229 238
237 217 206 207 227 209 143 127 127 139 207 227 207 206 215 237
237 208 213 208 231 211 142 119 118 136 208 231 209 213 207 237
237 208 213 208 231 210 144 126 125 139 208 231 209 213 207 237
237 216 205 207 227 214 152 121 117 142 210 227 207 206 215 237
238 229 199 206 213 214 168 126 121 156 209 214 206 199 229 238
238 235 211 204 201 201 175 153 151 171 199 202 204 210 235 238
238 238 229 208 204 203 196 194 194 196 203 204 207 229 237 238
238 238 237 229 210 199 206 213 213 206 199 210 229 237 238 238
238 238 238 237 235 229 215 207 207 215 229 235 237 238 238 238
238 238 238 238 238 238 237 237 237 237 238 238 238 238 238 238

221 221 221 221 221 221 220 220 220 220 221 221 221 221 221 221
221 221 221 221 219 213 203 196 196 203 213 219 221 221 221 221
221 221 220 214 199 189 195 201 201 195 189 198 213 220 221 221
221 221 214 196 193 194 195 197 197 196 195 193 196 213 221 221
221 219 199 193 191 201 212 216 216 212 201 191 193 198 219 221
221 214 189 193 189 192 196 197 197 198 197 190 192 189 213 221
220 203 194 189 171 150 141 138 140 143 154 167 187 195 203 220
220 196 201 190 172 147 131 124 129 123 126 150 185 201 196 220
220 196 201 190 173 148 131 125 131 127 131 151 185 201 196 220
220 203 194 189 172 151 144 144 145 151 164 169 187 194 203 220
221 214 189 192 189 193 198 200 199 201 201 191 192 189 213 221
221 219 199 193 192 201 212 216 216 212 201 191 193 199 219 221
221 221 214 197 193 194 195 197 197 196 195 193 196 214 221 221
221 221 220 214 199 190 194 201 201 194 189 199 214 220 221 221
221 221 221 221 219 214 204 197 196 203 214 219 221 221 221 221
221 221 221 221 221 221 220 220 220 220 221 221 221 221 221 221
238 238 238 238 238 238 237 237 237 237 238 238 238 238 238 238
238 238 238 238 235 229 215 207 207 215 229 235 237 238 238 238
238 238 237 229 211 200 206 214 214 206 199 210 229 237 238 238
238 238 229 208 205 206 207 209 209 208 207 204 207 229 237 238
238 235 211 204 202 214 227 231 232 228 215 202 204 210 235 238
238 229 200 204 198 203 208 209 209 210 210 200 204 200 229 238
237 216 205 199 177 151 140 137 140 143 157 172 197 206 216 237
237 208 213 200 179 147 128 119 127 119 123 152 194 214 208 237
237 208 214 201 180 148 129 121 128 123 128 153 194 214 208 237
237 217 206 199 179 153 145 144 146 154 169 176 197 206 215 237
238 229 200 204 199 204 210 212 211 215 214 201 203 200 229 238
238 235 212 204 202 214 227 231 232 228 214 202 205 211 235 238
238 238 229 208 205 206 207 209 209 208 206 204 208 229 238 238
238 238 237 229 212 200 206 214 213 205 200 211 229 237 238 238
238 238 238 238 235 229 217 209 208 216 229 235 238 238 238 238
238 238 238 238 238 238 237 237 237 237 238 238 238 238 238 238
238 238 238 238 238 238 237 237 237 237 238 238 238 238 238 238
238 238 238 237 235 229 215 207 207 215 229 235 237 238 238 238
238 238 237 229 210 199 206 213 213 206 199 210 229 237 238 238
238 238 229 208 204 206 207 209 209 207 206 204 207 229 237 238
238 235 211 204 201 214 227 231 231 227 214 202 204 210 235 238
238 229 199 203 198 203 207 208 208 210 209 199 203 199 229 238
237 216 205 198 177 150 139 136 139 142 156 171 196 206 215 237
237 208 213 199 178 146 127 118 125 117 121 151 194 213 207 237
237 208 213 200 179 147 127 119 126 121 126 153 194 213 207 237
237 216 205 199 178 151 143 142 144 152 168 175 196 206 215 237
238 229 199 203 198 203 209 211 210 214 214 201 203 199 229 238
238 235 211 204 201 213 227 231 231 227 213 201 204 210 235 238
238 238 229 208 204 205 207 208 208 207 206 204 208 229 237 238
238 238 237 229 212 199 206 213 213 205 199 211 229 237 238 238
238 238 238 238 235 229 217 208 208 216 229 235 238 238 238 238
238 238 238 238 238 238 237 237 237 237 238 238 238 238 238 238
